   O        5.67816        3.77293        2.59485
   O        6.31019        5.92779        1.26703
   O        5.71463        4.69200       -0.95499
   O        5.04719        2.54531        0.37960
   H        5.87176        4.68021        2.24230
   H        6.03647        5.62729        0.36203
   H        5.34761        3.84569       -0.59002
   H        5.15055        2.90537        1.29802
   C        7.63159        6.25881        1.28739
   C        8.30013        6.16898        2.51923
   C        9.64334        6.54081        2.58184
   H       10.17854        6.48567        3.53197
   C       10.30411        6.98085        1.43868
   C        9.63709        7.05272        0.22094
   H       10.16746        7.40175       -0.66742
   C        8.28964        6.69594        0.12570
   C        7.58402        6.76865       -1.21482
  Br       12.11719        7.49672        1.54241
   C        6.73870        4.45356       -1.82013
   C        7.66986        5.48647       -2.01672
   C        8.70435        5.29210       -2.93192
   H        9.43392        6.08591       -3.10503
   C        8.81234        4.08987       -3.62451
   C        7.89559        3.06654       -3.41008
   H        7.99249        2.12838       -3.96036
   C        6.84330        3.23203       -2.50590
   C        5.86633        2.09666       -2.26751
   C        5.86175        1.46956        0.19218
   C        6.26144        1.18440       -1.12369
   C        7.06574        0.06814       -1.35402
   H        7.38121       -0.17372       -2.37105
   C        7.47015       -0.73644       -0.29283
   C        7.07704       -0.44050        1.00761
   H        7.39907       -1.08311        1.82966
   C        6.26389        0.66463        1.27135
   C        5.85700        0.97701        2.69893
   C        6.73157        3.28056        3.30283
   C        6.82861        1.88485        3.42455
   C        7.86243        1.34818        4.19195
   H        7.94777        0.26583        4.30806
   C        8.78506        2.18656        4.81083
   C        8.69476        3.56643        4.66424
   H        9.42692        4.21186        5.15385
   C        7.66599        4.13652        3.90959
   C        7.58928        5.64287        3.74994
  Br       10.16556        1.44466        5.86395
  Br        8.55594       -2.24588       -0.62006
  Br       10.21469        3.84738       -4.86508