   S        0.29731        1.44591        8.90989
   S       -2.52995        5.12369       11.89727
   S        1.63970        4.89369       15.50072
   S       -1.73958        2.28885       18.98926
   S        1.41778       -2.15706       18.18009
   S       -3.23859       -4.60027       16.52604
   S       -0.50452       -5.27187       11.78125
   S       -4.14231       -1.76082        9.59361
   O       -1.95302        0.05202       10.41559
   O       -0.99414        2.56352       11.33402
   O       -0.69692        3.86262       13.87066
   O       -0.11380        2.70067       16.47137
   O       -0.63762       -0.02485       17.50968
   O       -0.88774       -2.68499       16.40222
   O       -1.95427       -3.76489       13.98770
   O       -1.84449       -2.66882       11.34925
   C       -1.00196        0.43067        8.22904
   C       -1.94641       -0.15053        9.09389
   C       -2.91412       -1.00640        8.53520
   C       -1.70587        4.66229       10.38244
   C       -1.07411        3.40499       10.29771
   C       -0.52591        3.02405        9.06222
   C        0.57806        5.83278       14.41910
   C       -0.43993        5.16568       13.71525
   C       -1.20824        5.91265       12.80250
   C       -0.75200        3.71032       18.56523
   C       -0.06596        3.72275       17.33327
   C        0.68715        4.86217       17.01140
   C        0.87925       -0.80843       19.21388
   C       -0.08676        0.08808       18.72235
   C       -0.47280        1.15835       19.55032
   C       -1.91723       -4.43026       17.71240
   C       -0.91075       -3.46935       17.48428
   C        0.09900       -3.33237       18.44939
   C       -1.29768       -5.95769       13.22202
   C       -1.90235       -5.09068       14.15531
   C       -2.45488       -5.65597       15.31480
   C       -3.47629       -3.40793        9.73367
   C       -2.40492       -3.63666       10.61451
   C       -1.91085       -4.94881       10.72775
   H       -1.29541        0.73191       10.67247
   H       -1.29109        3.00237       12.15831
   H       -0.14202        3.48303       14.58384
   H       -0.65289        1.96851       16.83609
   H       -0.33483       -0.84486       17.06729
   H       -1.58947       -2.94223       15.76830
   H       -1.56244       -3.49667       13.13003
   H       -2.24967       -1.79740       11.15598