   C        7.89920       15.62920       20.78700
   N        7.45000       14.24490       20.88200
   O        6.25830       14.03210       21.00520
   O        8.27250       13.36280       20.83770
   C        7.39380       17.95270       20.51930
   C        6.97660       16.64950       20.66740
   H        6.06770       16.45560       20.68640
   C        8.90740       21.59380       14.34810
   H        8.18810       21.78140       13.78940
   C        8.75160       21.66370       15.72680
   C        7.41240       22.05470       16.32190
   C        6.72970       20.60050       18.30450
   O        7.39500       21.53230       19.11080
   C        6.68330       20.87070       16.93370
   C        5.99400       19.97750       16.12580
   H        5.93500       20.13330       15.21020
   C        5.39660       18.86340       16.66710
   H        4.90850       18.28970       16.12220
   C        5.51610       18.59160       18.00930
   H        5.12690       17.81920       18.35140
   C        6.20200       19.44030       18.86340
   C        6.40620       19.08750       20.32320
   C        9.25430       15.88820       20.80260
   H        9.85810       15.18580       20.89580
   H       11.71900       15.82620       18.63960
   C        8.76860       18.22130       20.52290
   O        9.12710       19.50800       20.39360
   H       10.03420       19.55000       20.14600
   C        9.71960       17.18830       20.68010
   C       11.20920       17.47280       20.65030
   C       11.90640       19.03740       18.76520
   O       11.75640       20.09370       19.66210
   C       11.68740       17.74850       19.23960
   C       11.85350       16.69880       18.34620
   C       12.21360       16.91970       17.03480
   H       12.35750       16.20130       16.45990
   C       12.35720       18.21180       16.58240
   H       12.56890       18.35640       15.68760
   C       12.19580       19.30510       17.42550
   C       12.28230       20.70350       16.86820
   C        9.86050       21.38450       16.53270
   O        9.84160       21.45950       17.87440
   H        8.99290       21.61920       18.24550
   C       11.10060       21.02020       15.96970
   C       11.21870       20.95220       14.59570
   H       12.02600       20.70860       14.20370
   C       10.11900       21.25050       13.81240
   N       10.28180       21.24100       12.36030
   O       11.31440       20.86750       11.90200
   O        9.37520       21.58590       11.67510