   O        7.10240       14.15300        9.71440
   H        7.51760       14.67970        9.20880
   O       12.62230       11.62010       11.99310
   H       11.83670       11.32300       11.98740
   O       12.97610       16.13300        9.66110
   H       13.18260       15.43930       10.08740
   O       13.80540       13.89330       10.97260
   H       13.39360       13.24610       11.31480
   O       10.01800       10.67300       11.87640
   H        9.27630       10.94880       11.59460
   O       10.79430       17.11470        8.59050
   H       11.52560       16.79580        8.85400
   O        8.34450       16.29290        8.73350
   H        9.12390       16.60590        8.72930
   O        7.69210       11.72820       10.79280
   H        7.42750       12.51480       10.66200
   C        6.57820       16.47100        7.13520
   C        7.67900       18.47710        7.96830
   C       11.02590       18.29010        7.90350
   C       10.08370       19.31590        7.96610
   C       12.19780       18.41740        7.14950
   C        7.52580       17.08240        7.94500
   C       14.30380       17.38360        8.08850
   C       15.62650       15.15300       11.91440
   C       15.08540       17.02080       10.36040
   C        8.94770        8.51380       11.89150
   C        6.78810        9.56540       11.22780
   C       15.09510       13.94010       11.47870
   C       14.11970       16.85180        9.36950
   C        5.49820       14.30220        7.91510
   C        4.86740       13.40170       10.08290
   C        9.85890        9.41180       12.44520
   C       12.99750        9.90870       13.63790
   C       15.85080       12.75910       11.51760
   C        5.82200       13.96130        9.22890
   C       10.60990        9.07420       13.56550
   C        5.44510       11.54070       11.65400
   C       13.46330       10.69060       12.58220
   C        6.50980       14.95760        6.99260
   H        6.27890       14.73520        6.05590
   H        7.40520       14.57850        7.17950
   C        6.63290       10.95240       11.23240
   C        8.78780       19.15400        8.76210
   H        8.97420       18.61960        9.57430
   H        8.47580       20.04720        9.05310
   C       13.21020       17.29300        7.03670
   H       13.62350       17.31900        6.13740
   H       12.74230       16.42580        7.13030
   C        8.05070        8.89170       10.73170
   H        7.81210        8.07840       10.22000
   H        8.53600        9.50500       10.12470
   C       14.77080       10.55490       12.11320
   C       14.88660       16.45740       11.75820
   H       15.21780       17.10770       12.42720
   H       13.92130       16.31220       11.92240
   C       11.59380       10.05190       14.19000
   H       11.27640       10.97560       14.02900
   H       11.61570        9.90590       15.16900
   C        5.20490       13.03180       11.52240
   H        6.01560       13.52310       11.80790
   H        4.45890       13.29950       12.11550
   C       15.30760       11.43660       11.00440
   H       14.58300       11.61550       10.35400
   H       16.02940       10.95400       10.52850