   O        5.85587        3.74224        2.59019
   O        6.37604        6.11190        1.28616
   O        5.92192        4.59645       -0.95696
   O        5.04256        2.37626        0.35955
   H        5.96880        4.70696        2.43080
   H        6.09359        5.97121        0.35611
   H        5.44240        3.75960       -0.75869
   H        5.02527        2.61433        1.31267
   C        7.69328        6.34983        1.31176
   C        8.38226        6.22662        2.53373
   C        9.75800        6.44703        2.59042
   H       10.27361        6.35996        3.54814
   C       10.46321        6.77520        1.43506
   C        9.79197        6.92430        0.22489
   H       10.33227        7.21782       -0.67658
   C        8.41390        6.71247        0.15586
   S        7.53168        7.05435       -1.35899
  Br       12.32677        7.04909        1.51941
   C        6.77811        4.45817       -1.97108
   C        7.65346        5.52268       -2.26264
   C        8.54906        5.42954       -3.32768
   H        9.20660        6.27241       -3.54644
   C        8.59423        4.27480       -4.10536
   C        7.74345        3.21008       -3.82421
   H        7.76379        2.30615       -4.43508
   C        6.84026        3.29339       -2.76215
   S        5.65250        1.98536       -2.51596
   C        5.89056        1.35786        0.17033
   C        6.33141        1.07585       -1.13699
   C        7.22101        0.02635       -1.36639
   H        7.53972       -0.18895       -2.38757
   C        7.69023       -0.74032       -0.30241
   C        7.24895       -0.48395        0.99272
   H        7.58515       -1.10301        1.82602
   C        6.35526        0.56073        1.23538
   S        5.66566        0.78655        2.86707
   C        6.75353        3.27008        3.45863
   C        6.82866        1.87842        3.66497
   C        7.74147        1.34967        4.57783
   H        7.77223        0.27043        4.73559
   C        8.59569        2.19293        5.28404
   C        8.53851        3.56918        5.08638
   H        9.19448        4.23921        5.64428
   C        7.62794        4.11006        4.17665
   S        7.47307        5.88082        4.03191
  Br        9.82511        1.46822        6.51601
  Br        8.89640       -2.15353       -0.62379
  Br        9.80483        4.15937       -5.54638