   O        5.68628        3.77511        2.61536
   O        6.32204        5.93875        1.28402
   O        5.72621        4.69752       -0.93629
   O        5.04972        2.55049        0.39328
   H        5.88298        4.68061        2.26094
   H        6.05072        5.63170        0.38055
   H        5.36164        3.85066       -0.56954
   H        5.16071        2.91009        1.31095
   C        7.65037        6.25050        1.30208
   C        8.32661        6.15251        2.52441
   C        9.67984        6.49714        2.57234
   H       10.18601        6.42013        3.53620
   C       10.38532        6.92163        1.44388
   C        9.67138        6.99691        0.24211
   H       10.18132        7.32752       -0.66727
   C        8.31753        6.67586        0.14117
   C        7.61231        6.76384       -1.19915
   C       11.87115        7.29624        1.47776
   C       12.64664        6.38638        0.51181
   H       12.54640        5.32894        0.80125
   H       12.28368        6.48304       -0.52256
   C        6.74747        4.45811       -1.80700
   C        7.68298        5.48571       -2.00907
   C        8.70493        5.28087       -2.93275
   H        9.41946        6.09422       -3.08883
   C        8.84573        4.08744       -3.65362
   C        7.90552        3.08590       -3.40583
   H        7.96830        2.13600       -3.93953
   C        6.85260        3.24379       -2.49719
   C        5.87822        2.10625       -2.25780
   C        9.98658        3.93234       -4.66535
   C       11.33402        4.14393       -3.95722
   H       11.47511        3.40869       -3.15006
   H       11.41004        5.14670       -3.51076
   C        5.86913        1.47641        0.20073
   C        6.27381        1.19386       -1.11396
   C        7.08646        0.08450       -1.33448
   H        7.39194       -0.12512       -2.36371
   C        7.52281       -0.75204       -0.29824
   C        7.10076       -0.43052        0.99260
   H        7.40876       -1.05054        1.83634
   C        6.27806        0.66753        1.26884
   C        5.88020        0.97387        2.70031
   C        8.43019       -1.94793       -0.60786
   C        9.73757       -1.43810       -1.23519
   H       10.26765       -0.76489       -0.54390
   H        9.55358       -0.88118       -2.16633
   C        6.75122        3.27706        3.30675
   C        6.85794        1.88148        3.41830
   C        7.91525        1.35278        4.15477
   H        7.98106        0.26432        4.23962
   C        8.88279        2.15595        4.77340
   C        8.74509        3.53700        4.62478
   H        9.46997        4.20909        5.08750
   C        7.69577        4.12067        3.90534
   C        7.62072        5.62822        3.75831
   C       10.02445        1.50926        5.56610
   C       10.81458        0.56601        4.64499
   H       10.18108       -0.23711        4.23927
   H       11.24273        1.11606        3.79276