   O        5.16405        3.73739        3.60539
   O        5.26222        6.36394        1.82278
   O        4.28727        4.67104       -0.73214
   O        4.21723        2.04313        1.05785
   H        5.10965        4.71493        3.57945
   H        4.80354        6.37850        0.95723
   H        3.90243        3.78029       -0.59979
   H        4.21771        2.12368        2.03406
   C        6.53613        6.69024        1.62085
   C        7.45832        6.58948        2.68203
   C        8.81669        6.78522        2.44713
   H        9.52916        6.69552        3.26940
   C        9.28085        7.05698        1.16346
   C        8.37163        7.28175        0.13441
   H        8.73269        7.58337       -0.85052
   C        7.01011        7.09334        0.35276
   S        5.82880        7.22828       -0.97935
   C        5.32511        4.55606       -1.55616
   C        6.16632        5.66567       -1.77609
   C        7.33365        5.52038       -2.52046
   H        7.98863        6.37909       -2.67785
   C        7.69764        4.27853       -3.03015
   C        6.81958        3.20482       -2.92466
   H        7.06605        2.25296       -3.39899
   C        5.64611        3.33339       -2.18806
   S        4.58047        1.92867       -1.90758
   C        5.23178        1.25772        0.70655
   C        5.55891        1.10914       -0.65680
   C        6.70779        0.41349       -1.02622
   H        6.96487        0.30918       -2.08205
   C        7.55530       -0.11921       -0.05877
   C        7.17749       -0.08996        1.27970
   H        7.79667       -0.58633        2.02920
   C        6.03161        0.59814        1.66642
   S        5.60833        0.78620        3.39074
   C        6.41988        3.39724        3.88116
   C        6.80667        2.04350        3.80900
   C        8.14645        1.69174        3.95174
   H        8.44325        0.64358        3.88415
   C        9.11879        2.66951        4.13779
   C        8.73681        3.99282        4.33415
   C        7.40195        4.36118        4.20150
   S        6.90820        6.07368        4.30098
   S        9.22808       -0.55552       -0.49462
   O        9.21926       -0.94413       -1.91962
   O        9.71054       -1.52062        0.51564
   O        9.99749        0.73651       -0.34446
   S       10.83107        2.28594        3.83080
   O       11.63823        3.28886        4.55529
   O       11.01955        0.85018        4.12782
   O       11.00014        2.50264        2.34496
   S       11.00837        6.83007        0.78524
   O       11.12601        5.36002        0.45177
   H        9.49143        4.74586        4.56851
   O       11.29134        7.61919       -0.43254
   O       11.76960        7.10654        2.01950
   S        9.38195        3.99699       -3.53507
   O       10.08552        3.58844       -2.26118
   O        9.37493        2.85524       -4.47094
   O        9.92489        5.29702       -3.98178
  Na       10.08557        1.31743       -2.56910
  Na       10.93060        0.28397        1.71691
  Na       11.95880        4.59247        2.44101
  Na       11.12661        5.60259       -1.84610