   S       12.77670       16.86490       22.17980
   O       18.15170       16.82060       19.73720
   O       12.88560       17.38840       23.51570
   O       12.40910       15.46940       22.22690
   O       11.89690       17.63160       21.34780
   C       16.92570       16.84070       20.30080
   C       16.75300       16.72520       21.68060
   C       15.50790       16.75650       22.23480
   C       14.35550       16.94700       21.45770
   C       14.53600       17.09920       20.09360
   C       15.76270       17.05920       19.47980
   S       13.38830       13.19320       15.72160
   O       18.40630       15.91470       17.29620
   O       12.28550       14.04290       16.06860
   O       13.35810       11.95370       16.42330
   C       17.22640       15.27600       16.99790
   C       15.98630       15.88300       17.24280
   C       14.82780       15.26180       16.84720
   C       14.85230       14.02550       16.22550
   C       16.08240       13.41080       16.02770
   C       17.26340       14.00620       16.39670
   C       18.58980       13.25370       16.20510
   S       18.01080        8.51220       18.47350
   O       20.11240       14.04190       18.47820
   O       17.27150        8.28940       17.24750
   O       17.19920        8.35760       19.65560
   C       19.57120       12.79420       18.49390
   C       18.84010       12.31190       17.36840
   C       18.36600       11.02430       17.37460
   C       18.54640       10.16450       18.46090
   C       19.23890       10.67500       19.56920
   C       19.74830       11.94710       19.60530
   C       20.50210       12.45750       20.84710
   S       17.40870       11.90400       25.05410
   O       19.75450       15.19290       20.75910
   O       16.30860       12.51420       25.56900
   O       17.22350       10.64320       24.53920
   C       19.20870       14.45030       21.74180
   C       19.54620       13.06430       21.87060
   C       19.00820       12.33510       22.87370
   C       18.10060       12.87690       23.78100
   C       17.78390       14.21510       23.66330
   C       18.32960       15.01250       22.67750
   C       17.97920       16.47710       22.58640
   C       15.93260       17.23360       17.96180
   H       16.10940       12.47687       15.58944
   H       13.92149       15.72541       17.01657
   H       17.85729       10.67815       16.54610
   H       19.37039       10.06675       20.39247
   H       17.11866       14.63238       24.33289
   H       19.27890       11.34396       22.97055
   H       13.70162       17.25120       19.50561
   H       15.41025       16.63664       23.25515
   H       18.90971       16.67862       20.26939
   H       18.39231       16.76150       17.69709
   H       19.98833       14.59706       17.73364
   H       20.34004       14.79781       20.14346