   O        5.57127        3.46519        3.20839
   O        5.77838        5.74555        1.72081
   O        4.68488        4.58595       -0.49883
   O        4.67146        2.25164        0.93860
   H        5.58624        4.43409        3.04018
   H        5.29981        5.65967        0.86455
   H        4.37326        3.68951       -0.24137
   H        4.82392        2.42529        1.89581
   C        6.94684        6.37153        1.57023
   C        7.85172        6.38587        2.65098
   C        9.07267        7.04432        2.52705
   H        9.74255        7.06138        3.39062
   C        9.44301        7.68572        1.34063
   C        8.53929        7.66815        0.27546
   H        8.78115        8.18336       -0.65765
   C        7.30919        7.01816        0.37099
   S        6.12664        7.14369       -0.96025
   C        5.53753        4.49405       -1.52432
   C        6.34046        5.60638       -1.84457
   C        7.23539        5.53240       -2.91009
   H        7.82899        6.41809       -3.15083
   C        7.37852        4.36629       -3.66743
   C        6.56960        3.27205       -3.34922
   H        6.62647        2.35768       -3.94532
   C        5.66069        3.31885       -2.29446
   S        4.53988        1.95720       -2.01225
   C        5.34898        1.17990        0.52326
   C        5.42906        0.92462       -0.86047
   C        6.11872       -0.19314       -1.32368
   H        6.14294       -0.37817       -2.40068
   C        6.75826       -1.07489       -0.44692
   C        6.67147       -0.81646        0.92342
   H        7.13298       -1.49982        1.64089
   C        5.98691        0.29393        1.41595
   S        5.77651        0.50312        3.17590
   C        6.77591        3.05186        3.61336
   C        7.05806        1.67078        3.60629
   C        8.30504        1.21558        4.02562
   H        8.48880        0.13812        4.03405
   C        9.30558        2.09911        4.44412
   C        9.01224        3.46449        4.45992
   C        7.77201        3.95006        4.04571
   S        7.38061        5.68357        4.22296
   C        7.48027       -2.27389       -0.95881
   C       10.63383        1.59339        4.89410
   C       10.75205        8.38950        1.22638
   H        9.75669        4.18142        4.81560
   C        8.33631        4.30340       -4.80771
   H        7.87926       -2.11641       -1.96789
   H        8.29544       -2.58195       -0.29323
   H       11.10429        8.43861        0.18929
   H       11.52601        7.92460        1.84855
   H       11.41252        2.36162        4.82037
   H       10.94934        0.70514        4.33368
   H        9.15475        5.02458       -4.69793
   H        8.75559        3.29900       -4.94101