   O        4.01841        4.22864        3.38177
   O        4.73933        6.69397        1.73711
   O        3.91179        5.37501       -0.92626
   O        3.34511        2.85748        0.79218
   H        4.09188        5.20507        3.35347
   H        4.41850        6.77235        0.81443
   H        3.37658        4.55723       -0.86634
   H        3.23643        2.95670        1.76057
   C        6.03308        6.99922        1.77589
   C        6.74510        6.83980        2.98136
   C        8.12255        7.04350        3.01752
   H        8.66889        6.89960        3.95104
   C        8.80239        7.39609        1.85783
   C        8.11109        7.64278        0.67869
   H        8.64524        7.97145       -0.21432
   C        6.73464        7.43999        0.63302
   S        5.82887        7.65954       -0.88662
   C        5.05491        5.07939       -1.54119
   C        6.08897        6.03531       -1.58088
   C        7.33765        5.70013       -2.09901
   H        8.14215        6.43646       -2.10377
   C        7.57150        4.41268       -2.56537
   C        6.53830        3.48718       -2.63247
   H        6.71706        2.49970       -3.05787
   C        5.28720        3.81332       -2.11898
   S        3.96714        2.61280       -2.11052
   C        4.14443        1.82592        0.54247
   C        4.55921        1.57930       -0.78197
   C        5.49044        0.57877       -1.05421
   H        5.82320        0.40979       -2.07991
   C        6.02214       -0.17425       -0.01503
   C        5.56276       -0.01019        1.28591
   H        5.95044       -0.63723        2.09030
   C        4.63222        0.98543        1.56732
   S        4.07170        1.25677        3.23833
   C        5.16159        3.72976        3.84577
   C        5.37440        2.33716        3.80736
   C        6.60847        1.80502        4.17611
   H        6.77571        0.72846        4.11691
   C        7.63541        2.65103        4.57744
   C        7.41822        4.01635        4.71227
   H        8.21462        4.66465        5.07939
   C        6.19008        4.55747        4.34427
   S        5.89444        6.31330        4.45848
   N        8.97474        2.12011        4.78689
   N       10.25718        7.41263        1.85249
   N        8.91763        4.01510       -2.95268
   N        7.14823       -1.05993       -0.26373
   H        9.53402        2.21154        3.92417
   H       10.61790        6.46948        1.62324
   H        9.06293        2.99932       -2.74259
   H        9.62713        4.56090       -2.41387
   H        8.02502       -0.58634        0.02866
  Cl       10.71027        4.65149        3.54931
  Cl        8.93905        0.92712       -2.18573
  Cl        8.91449       -0.02495        2.20342
  Cl       10.72802        5.75111       -0.92720