   O       -2.35688       -0.08920        0.29371
   O       -0.65154        2.37515       -0.18390
   O       -0.76977       -2.46888       -0.19365
   O        2.08934       -2.95752       -0.54878
   O        3.62950       -0.40400       -1.03923
   O        2.31054        2.09582        0.18235
   C        0.22770        3.29978        0.46081
   C        1.59195        3.26429       -0.22878
   H        0.33038        3.03342        1.51883
   H       -0.20226        4.30326        0.37204
   H        2.17323        4.14702        0.05911
   H        1.46093        3.24897       -1.31716
   C        3.54815        1.95865       -0.52180
   C        4.18788        0.60760       -0.19490
   H        5.26157        0.66613       -0.40531
   H        4.03113        0.34456        0.85741
   H        4.21158        2.76772       -0.19766
   H        3.37175        2.04009       -1.60109
   C        4.16240       -1.70884       -0.79265
   C        3.27072       -2.53228        0.14064
   H        3.81725       -3.42589        0.46368
   H        2.98718       -1.93961        1.01628
   H        5.17533       -1.63282       -0.37819
   H        4.23097       -2.20610       -1.76420
   C       -0.18936       -3.77100       -0.26465
   C        1.22902       -3.71923        0.30415
   H       -0.17777       -4.07926       -1.31529
   H       -0.78323       -4.48422        0.31862
   H        1.63507       -4.73411        0.37659
   H        1.19694       -3.27094        1.30348
   C       -2.19383       -2.48464       -0.10707
   C       -2.74911       -1.14373       -0.58875
   H       -2.46668       -2.66092        0.93906
   H       -2.60207       -3.28724       -0.73159
   H       -3.84326       -1.18669       -0.61935
   H       -2.36268       -0.93793       -1.59350
   C       -2.75145        1.19394       -0.20580
   C       -1.92191        2.28666        0.46864
   H       -3.81184        1.32889        0.02997
   H       -2.61062        1.24190       -1.29226
   H       -1.77769        2.05943        1.53073
   H       -2.42813        3.25176        0.36020