   O        5.71828        3.84220        2.83314
   O        6.36833        6.07492        1.41183
   O        5.59819        4.81141       -0.87978
   O        4.89685        2.58242        0.54289
   H        5.88865        4.79077        2.63129
   H        6.03805        5.95384        0.49229
   H        5.13687        3.97249       -0.64997
   H        4.94550        2.80255        1.50093
   C        7.65371        6.44565        1.40690
   C        8.38494        6.36569        2.60888
   C        9.72618        6.74917        2.63410
   H       10.26473        6.69236        3.58274
   C       10.36424        7.19922        1.48094
   C        9.64219        7.28646        0.29461
   H       10.11193        7.66182       -0.61731
   C        8.29710        6.91376        0.24267
   S        7.34907        7.18354       -1.24599
   C        6.51042        4.60713       -1.83684
   C        7.45495        5.61930       -2.09980
   C        8.41280        5.43378       -3.09756
   H        9.12319        6.24044       -3.29218
   C        8.46090        4.25280       -3.83426
   C        7.52652        3.25361       -3.57911
   H        7.52891        2.32737       -4.15808
   C        6.55500        3.41510       -2.58876
   S        5.27460        2.18902       -2.37596
   C        5.59402        1.47056        0.28260
   C        5.90434        1.16291       -1.05729
   C        6.62882        0.00850       -1.35615
   H        6.84133       -0.21431       -2.40420
   C        7.06714       -0.84420       -0.34619
   C        6.75554       -0.54668        0.97703
   H        7.06492       -1.21286        1.78544
   C        6.02702        0.59928        1.30334
   S        5.50807        0.88411        2.98808
   C        6.73238        3.31325        3.52618
   C        6.80761        1.91155        3.65287
   C        7.85018        1.33315        4.37764
   H        7.87470        0.24532        4.47361
   C        8.83381        2.12077        4.97064
   C        8.76023        3.50503        4.84963
   H        9.50623        4.14646        5.32419
   C        7.72447        4.10994        4.13404
   S        7.56403        5.88789        4.12061
   H        9.64528        1.65830        5.53585
   H       11.41432        7.49628        1.51137
   H        9.21417        4.11819       -4.61295
   H        7.63428       -1.74436       -0.59090
