   O        5.73539        3.71723        2.84129
   O        5.80904        4.70516       -1.21477
   O        5.32504        2.46246        0.39602
   H        5.85377        4.68299        2.71319
   H        5.29540        3.88158       -1.06715
   H        5.22590        2.64026        1.35785
   C        7.80280        6.37939        1.30089
   C        8.41274        6.43404        2.57429
   C        9.63493        7.07660        2.73547
   H       10.11041        7.14502        3.71455
   C       10.25684        7.65114        1.63264
   C        9.68621        7.59917        0.36691
   H       10.19866        8.07045       -0.47260
   C        8.46225        6.95976        0.19302
   S        7.64090        7.02705       -1.38776
   N       11.53773        8.34034        1.81404
   C        6.89623        4.41357       -1.92762
   C        7.90823        5.39032       -2.05163
   C        9.06057        5.10251       -2.77548
   H        9.85010        5.84509       -2.89739
   C        9.20739        3.84962       -3.36045
   C        8.21547        2.88060       -3.26992
   H        8.35536        1.92305       -3.77291
   C        7.05843        3.15489       -2.54870
   S        5.70509        1.99100       -2.50801
   C        5.86854        1.27277        0.16919
   C        6.15993        0.90920       -1.16488
   C        6.71499       -0.33483       -1.44342
   H        6.93000       -0.63896       -2.46851
   C        6.99674       -1.20819       -0.39886
   C        6.72717       -0.87281        0.92227
   H        6.94945       -1.58959        1.71359
   C        6.16714        0.36714        1.21328
   S        5.67484        0.75653        2.88183
   C        6.83863        3.21787        3.39487
   C        6.99906        1.81600        3.44193
   C        8.14710        1.26938        4.00476
   H        8.28610        0.18930        4.06623
   C        9.13388        2.11274        4.50310
   C        8.99065        3.49479        4.48438
   H        9.77280        4.11972        4.91729
   C        7.84622        4.05445        3.92610
   S        7.55416        5.81351        4.00798
   N       10.34154        1.52822        5.09640
   N        7.58052       -2.51885       -0.69931
   N       10.42592        3.55312       -4.12206
   O       12.00018        8.36246        2.93229
   O       12.04207        8.84030        0.83418
   O       11.26502        4.42262       -4.18399
   O       10.50635        2.45873       -4.63212
   O        7.78533       -2.77977       -1.86325
   O        7.81703       -3.24722        0.23785
   O       11.17111        2.29519        5.52987
   O       10.42364        0.32103        5.10826
   O        6.62303        5.78101        1.19390
   H        6.30843        5.74426        0.26280
