   O        6.35478        3.73017        2.49547
   O        6.50660        6.34084        1.46401
   O        6.00847        4.83518       -0.78131
   O        5.17234        2.45244        0.41962
   H        6.33573        4.71192        2.46552
   H        6.11632        6.34772        0.56584
   H        5.50305        4.00461       -0.63302
   H        5.17642        2.55915        1.39344
   C        7.82829        6.48361        1.36197
   C        8.62382        6.22211        2.49934
   C       10.00796        6.34238        2.42155
   H       10.62378        6.16685        3.30735
   C       10.60760        6.70338        1.21605
   C        9.83819        6.98754        0.09678
   H       10.30334        7.31280       -0.83698
   C        8.44879        6.87667        0.15848
   S        7.43813        7.39652       -1.21883
   C        6.64497        4.83949       -1.94831
   C        7.41352        5.97132       -2.28781
   C        8.05809        6.03694       -3.52493
   H        8.63056        6.93407       -3.77434
   C        7.95763        4.97453       -4.41350
   C        7.22977        3.83471       -4.08371
   H        7.16349        3.00444       -4.79141
   C        6.58073        3.75882       -2.85528
   S        5.53368        2.36188       -2.50282
   C        6.13167        1.58977        0.08168
   C        6.48771        1.47831       -1.27667
   C        7.49792        0.59883       -1.66461
   H        7.74644        0.50925       -2.72560
   C        8.16388       -0.15875       -0.70753
   C        7.80605       -0.07751        0.63623
   H        8.29959       -0.71256        1.37630
   C        6.79845        0.79565        1.03993
   S        6.18826        0.77299        2.71846
   C        7.19320        3.26578        3.41793
   C        7.27341        1.87160        3.60584
   C        8.08649        1.34661        4.60982
   H        8.11045        0.26449        4.76172
   C        8.83364        2.19690        5.41891
   C        8.80170        3.57275        5.21519
   H        9.39168        4.24425        5.84416
   C        7.99646        4.11107        4.21154
   S        7.83257        5.87918        4.06632
   N        9.60790        1.65848        6.51088
   N       12.04650        6.81531        1.17824
   N        8.60732        4.99580       -5.70697
   N        9.18523       -1.10346       -1.09311
   H        9.89176        0.66708        6.41214
   H       10.48185        2.18100        6.72986
   H       12.44759        7.15949        0.29999
   H       12.52369        5.91148        1.41139
   H        9.18784        4.10692       -5.84529
   H        9.21431        5.79990       -5.88687
   H        9.53886       -1.01970       -2.05736
   H       10.02514       -1.08435       -0.47112
  Cl       11.90662        2.68790        8.36334
  Sn       11.35044        0.64466        9.54740
  Cl       10.72516       -0.95927        7.85067
  Cl       13.60255       -0.06752        9.57567
  Cl       15.02890        7.63757        0.56977
  Sn       15.36567        6.55583        2.68559
  Cl       17.04958        5.09802        1.90739
  Cl       13.73975        4.72852        2.73168
  Cl        9.78615        0.74217       -9.31990
  Sn        9.08425        2.90087       -8.74359
  Cl        9.61634        2.25201       -6.33561
  Cl       10.44241        4.82840       -8.32073
  Cl       11.11088       -2.62349       -3.09806
  Cl       13.96590       -3.52633       -1.32848
  Sn       11.63588       -3.83057       -1.08560
  Cl       11.51851       -2.16934        0.69429