O   5.51062        3.35846        3.09795
O   5.61738        5.75507        1.80298
O   4.78169        4.51080       -0.47728
O   4.60932        2.11280        0.83552
H   5.51074        4.33087        2.94233
H   5.20058        5.63290        0.91954
H   4.49869        3.59450       -0.25334
H   4.74653        2.29038        1.79377
C   6.82861        6.31202        1.67511
C   7.72070        6.27215        2.75907
C   8.98946        6.84685        2.64823
H   9.63287        6.79891        3.52725
C   9.42916        7.46505        1.47489
C   8.52153        7.50575        0.40927
H   8.79100        7.99924       -0.52757
C   7.24812        6.94438        0.48786
S   6.09323        7.15439       -0.85902
C   5.59557        4.51362       -1.54033
C   6.33092        5.67801       -1.83481
C   7.17884        5.70777       -2.93928
H   7.71402        6.64065       -3.13162
C   7.35281        4.60418       -3.78552
C   6.61298        3.45997       -3.48053
H   6.67906        2.56997       -4.10698
C   5.74921        3.39911       -2.38226
S   4.72726        1.95599       -2.13363
C   5.45251        1.15993        0.41616
C   5.66408        0.98666       -0.96157
C   6.54321        0.00249       -1.42107
H   6.65663       -0.09356       -2.50129
C   7.24935       -0.83289       -0.55169
C   7.01458       -0.65487        0.81756
H   7.51138       -1.29499        1.55034
C   6.14296        0.31567        1.30871
S   5.78789        0.39808        3.05825
C   6.66897        2.95819        3.63558
C   6.97569        1.58764        3.65942
C   8.17133        1.14177        4.22829
H   8.34500        0.06530        4.23352
C   9.11068        2.01958        4.77558
C   8.78910        3.38219        4.74096
C   7.60231        3.85912        4.18615
S   7.19085        5.59180        4.32264
C   8.22356       -1.91362       -1.03225
C   9.61247       -1.64984       -0.42951
H   9.99885       -0.66787       -0.74352
H   9.59154       -1.66514        0.67068
C   10.43439        1.55426        5.39080
H   11.59912        2.11799        4.56111
C   10.81923        8.09176        1.32743
H   9.46892        4.12181        5.17032
C   11.56267        7.40629        0.17012
H   11.02633        7.51734       -0.78436
H   11.68407        6.32903        0.36214
C   8.30502        4.69404       -4.98235
C   9.71983        5.02528       -4.48122
H   10.08658        4.24902       -3.79201
H   9.75014        5.98740       -3.94772
H   11.55263        1.75828        3.52165
H   11.58504        3.21823        4.53516