   O        5.57551        3.46365        3.21105
   O        5.79085        5.73411        1.71369
   O        4.68896        4.58766       -0.50395
   O        4.68711        2.25850        0.93515
   H        5.59177        4.43200        3.03991
   H        5.31117        5.64936        0.85782
   H        4.38005        3.69093       -0.24424
   H        4.83879        2.43294        1.89248
   C        6.95429        6.37028        1.56705
   C        7.85580        6.39001        2.65057
   C        9.07074        7.06067        2.53199
   H        9.73739        7.08305        3.39798
   C        9.43762        7.70823        1.34874
   C        8.53849        7.68531        0.28102
   H        8.77802        8.20614       -0.64964
   C        7.31421        7.02261        0.37036
   S        6.13427        7.14296       -0.96365
   C        5.54561        4.49334       -1.52634
   C        6.35074        5.60417       -1.84491
   C        7.24933        5.52738       -2.90791
   H        7.84466        6.41214       -3.14802
   C        7.39410        4.36015       -3.66145
   C        6.58266        3.26767       -3.34572
   H        6.63988        2.35310       -3.94147
   C        5.66999        3.31653       -2.29410
   S        4.54537        1.95711       -2.01437
   C        5.35382        1.17934        0.52153
   C        5.42781        0.91951       -0.86180
   C        6.10381       -0.20765       -1.32339
   H        6.12213       -0.39684       -2.39983
   C        6.73747       -1.09164       -0.44557
   C        6.65843       -0.82810        0.92329
   H        7.11585       -1.51351        1.64147
   C        5.98575        0.29024        1.41506
   S        5.78121        0.50281        3.17520
   C        6.78260        3.05043        3.61013
   C        7.06511        1.66955        3.60080
   C        8.31449        1.21493        4.01455
   H        8.49872        0.13753        4.02261
   C        9.31618        2.09917        4.42676
   C        9.02275        3.46360        4.44526
   C        7.77982        3.94912        4.03792
   S        7.38653        5.68156        4.22014
   C        7.42937       -2.31497       -0.95410
   C       10.64315        1.59005        4.89106
   C       10.73176        8.44990        1.25092
   H        9.76871        4.18059        4.79777
   C        8.34453        4.29860       -4.81394
   H        7.84295       -2.15593       -1.95842
   H        8.24219       -2.62609       -0.28515
   H       11.07950        8.51670        0.21199
   H       11.51574        7.97310        1.85356
   H       11.41656        2.36566        4.82092
   H       10.96696        0.71811        4.30763
   H        9.14522        5.04256       -4.71339
   H        8.79946        3.30395       -4.90883
